4.65606
4.48851
4.36818
4.36037
4.41069
4.25482
4.2864
4.21349
4.25018
4.30924
4.20095
4.23539
4.23823
4.22191
4.31236
4.23096
4.39248
4.22405
4.33552
4.41768
4.253
4.32598
4.21822
4.31086
4.34064
4.44663
4.29833
4.38793
4.28155
4.19342
4.22959
4.2059
4.16908
4.12552
4.08557
4.01016
4.0825
4.1551
4.21911
4.11961
3.96527
4.05483
4.00546
4.1035
3.91531
3.88605
4.0418
3.88585
3.81296
3.9403
3.77736
3.85875
3.90905
3.8557
3.79679
3.76002
3.82053
3.72677
3.91164
3.83659
3.90455
3.74471
3.92818
3.99944
3.87179
4.01345
3.81493
3.88798
3.85637
3.7811
3.89534
3.98394
3.98685
3.82461
3.88531
4.0306
4.04043
4.02091
3.99095
4.0212
3.9736
3.83166
3.82152
4.21981
3.95859
4.06535
4.00464
4.15894
4.08856
3.84301
4.01083
3.92519
4.13383
4.05913
4.12552
4.09512
4.40291
4.53074
4.19063
4.018
5.33848
4.33205
4.44113
4.31795
4.27154
3.92863
4.12575
4.25785
4.43219
4.20047
4.35896
4.24843
4.34143
4.20999
4.29868
4.40579
4.14446
4.55383
4.4604
4.39153
4.29413
4.22782
4.40088
5.05472
4.33055
4.63909
4.53955
4.8537
4.63896
4.38945
4.62626
4.33075
4.73426
4.38908
4.27218
4.7277
4.38931
4.72467
4.53513
4.86761
4.21869
4.38907
4.44683
4.86697
4.87084
4.54535
4.6247
4.38722
4.53879
4.86163
4.32838
inf
4.38483
4.26854
4.6343
4.55054
4.5485
4.39133
4.64571
4.74252
4.4704
4.40571
5.29331
4.29174
4.65817
4.23009
4.7697
4.76607
4.25281
4.36295
4.90849
4.13864
4.58609
4.78512
4.6772
4.91151
4.69004
4.1983
4.93329
4.39638
4.70734
4.46309
4.55136
4.83778
5.39003
4.31592
4.38977
4.58516
4.77077
4.53571
4.6857
4.54234
4.34714
4.57536
4.21051
4.94769
4.5637
4.40072
4.63774
4.72957
5.03233
4.63889
4.81322
4.77755
4.54071
4.52901
4.46162
4.5707
5.19951
4.89235
4.61357
4.7797
5.00534
4.86714
4.97776
4.85944
5.15306
4.56489
5.12784
5.13274
4.95473
4.94982
4.71721
5.11851
4.69021
4.93666
5.10786
4.80616
4.3439
5.34119
4.68836
5.09711
4.59106
4.79467
4.66629
5.09498
5.08801
4.91021
4.782
4.90969
5.07426
4.91583
5.07256
4.67103
4.78167
4.7746
5.07089
5.06854
5.07436
4.90557
4.76458
4.66557
5.07386
4.76901
4.91353
4.90818
4.90458
5.06562
5.72873
5.07818
5.0771
inf
4.89677
5.07983
5.72131
4.91171
inf
4.90768
5.08497
5.07793
4.91127
4.78854
4.56429
5.32307
4.789
4.78261
5.09642
5.74422
4.91989
5.10505
4.91326
5.08256
5.09668
4.79493
5.09663
4.93803
4.70759
4.92346
4.80588
4.80785
4.93666
5.12026
5.11567
4.70482
4.61479
4.71704
4.61989
4.95477
5.37412
4.54906
4.97138
4.72187
4.83758
4.73278
4.7378
4.27314
5.38384
4.64556
4.98156
4.50258
4.75126
5.1655
4.66272
4.51881
4.4558
4.35271
4.59857
4.539
4.22432
4.35873
4.20738
4.3715
4.10043
4.34221
4.48504
4.26042
4.05616
4.45227
4.30336
4.24053
4.04233
4.31183
4.28061
4.36054
4.01625
4.0911
4.22137
3.93186
4.08111
4.02861
4.01572
3.93188
3.99922
3.92237
3.92541
4.01545
3.98342
4.12941
4.1064
4.07354
4.20005
4.17644
4.1643
4.24837
3.95637
4.175
4.00464
4.1691
4.04913
4.01392
4.23668
4.15885
4.2865
4.21713
4.21704
4.39743
4.2897
4.2679
4.54763
4.38217
4.56219
4.58087
4.38039
4.70151
4.57172
4.48436
4.9691
4.8604
4.76464
5.09672
4.67602
4.81632
4.88877
4.77265
4.72083
4.92113
5.05092
5.295
4.92211
4.61886
4.92501
4.70758
4.89735
5.06152
5.04857
5.01119
5.14037
5.47991
5.75815
5.74949
