5.74949
5.75815
5.47991
5.14037
5.01119
5.04857
5.06152
4.89735
4.70758
4.88933
4.6432
4.92211
5.295
5.05092
4.92113
4.72083
4.77265
4.88877
4.76916
4.71709
5.09672
4.76464
4.8604
4.9691
4.48436
4.57172
4.70151
4.38039
4.58087
4.56219
4.38217
4.54763
4.2679
4.2897
4.39743
4.21704
4.21713
4.2865
4.15885
4.18296
4.05489
4.04913
4.1691
4.00464
4.175
3.95637
4.24837
4.1643
4.17644
4.20005
4.05036
4.13276
4.12941
3.98342
4.01545
3.92541
3.92237
3.99922
3.93188
4.01572
4.02861
4.08111
3.93186
4.22137
4.0911
4.01625
4.36054
4.28061
4.31183
4.01602
4.27878
4.30336
4.45227
4.05616
4.26042
4.48504
4.34221
4.10043
4.3715
4.20738
4.35873
4.18611
4.60875
4.59857
4.35271
4.4558
4.51881
4.66272
5.1655
4.75126
4.50258
4.98156
4.64556
5.38384
4.27314
4.7378
4.73278
4.83758
4.72187
4.97138
4.54906
5.37412
4.95477
4.61989
4.71704
4.61479
4.70482
5.11567
5.12026
4.93666
4.80785
4.80588
4.92346
4.70759
4.93803
5.09663
4.79493
5.09668
5.08256
4.91326
5.10505
4.91989
5.74422
5.09642
4.67462
4.92105
5.32307
4.56429
4.78854
4.91127
5.07793
5.08497
4.90768
inf
4.91171
5.72131
5.07983
4.89677
inf
5.0771
5.07818
5.72873
5.06562
4.90458
4.90818
4.91353
4.76901
5.07386
4.66557
4.76458
4.90557
5.07436
5.06854
5.07089
4.7746
4.78167
4.67103
5.07256
4.91583
4.90384
5.07992
4.782
4.91021
5.08801
5.09498
4.66629
4.79467
4.59106
5.09711
4.68836
5.34119
4.3439
4.80616
5.10786
4.93666
4.69021
5.11851
4.71721
4.94982
4.95473
5.13274
5.12784
4.56489
5.15306
4.75143
5.14805
4.86714
5.00534
4.7797
4.61357
4.89235
5.19951
4.5707
4.46162
4.52901
4.54071
4.77755
4.81322
4.63889
5.03233
4.72957
4.58128
4.44459
4.5637
4.94769
4.21051
4.57536
4.34714
4.54234
4.6857
4.53571
4.77077
4.58516
4.38977
4.31592
5.39003
4.83778
4.55136
4.46309
4.70734
4.39638
4.93329
4.1983
4.69004
4.91151
4.6772
4.78512
4.58609
4.13864
4.90849
4.36295
4.25281
4.76607
4.7697
4.23009
4.65817
4.29174
5.29331
4.40571
4.4704
4.74252
4.64571
4.39133
4.5485
4.55054
4.6343
4.26854
4.38483
5.69119
4.39079
4.86163
4.53879
4.38722
4.6247
4.54535
4.87084
4.86697
4.44683
4.38907
4.21869
4.86761
4.53513
4.72467
4.38931
4.7277
4.27218
4.38908
4.73426
4.33075
4.62626
4.38945
4.63896
4.8537
4.53955
4.63909
4.33055
5.05472
4.40088
4.22782
4.29413
4.39153
4.4604
4.55383
4.14446
4.40579
4.24719
4.25743
4.34143
4.24843
4.35896
4.20047
4.43219
4.21049
4.16665
3.92863
4.27154
4.31795
4.44113
4.33205
5.33848
4.018
4.19063
4.53074
4.40291
4.09512
4.08966
4.09302
4.13383
3.92519
3.98197
3.86539
4.08856
4.15894
4.00464
4.06535
3.95859
4.21981
3.82152
3.83166
3.9736
4.0212
3.99095
4.02091
4.04043
4.0306
3.88531
3.82461
3.98685
3.98394
3.89534
3.7811
3.85637
3.88798
3.81493
4.01345
3.87179
3.99944
3.92818
3.74471
3.90455
3.83659
3.91164
3.72677
3.82053
3.74732
3.81044
3.8557
3.90905
3.85875
3.77736
3.9403
3.81296
3.88585
4.02468
3.89911
3.91531
4.1035
4.00546
4.05483
3.96527
4.11961
4.21911
4.1551
4.0825
4.01016
4.08557
4.12552
4.16908
4.2059
4.22959
4.1792
4.28167
4.40681
4.29833
4.44663
4.34064
4.31086
4.21822
4.31301
4.26433
4.41768
4.32407
4.23327
4.39248
4.21501
4.3301
4.22191
4.23823
4.23539
4.20095
4.30924
4.25018
4.20948
4.28641
4.2516
4.41782
4.36037
4.36818
4.48407
4.65703
