4.65553
4.49031
4.36695
4.35869
4.40992
4.24965
4.28547
4.21663
4.25387
4.31116
4.19903
4.23147
4.23862
4.22895
4.31302
4.2287
4.39824
4.23687
4.3416
4.40906
4.25773
4.32543
4.21491
4.32248
4.3409
4.45212
4.29388
4.38718
4.27005
4.19816
4.22807
4.20372
4.17361
4.11895
4.08865
4.00697
4.07086
4.1439
4.22504
4.12499
3.96884
4.06168
3.99649
4.12073
3.92201
3.86605
4.04567
3.88148
3.81221
3.94288
3.76825
3.85848
3.9158
3.84971
3.80775
3.76041
3.81712
3.72849
3.91204
3.84582
3.91008
3.74609
3.93119
4.00527
3.88131
4.01588
3.82283
3.90314
3.87116
3.79378
3.88593
3.99096
3.9855
3.83394
3.88651
4.04028
4.03318
4.01843
3.98208
4.01313
3.98758
3.83794
3.81573
4.21909
3.97183
4.07707
4.01064
4.16104
4.08769
3.82855
4.01637
3.92545
4.13217
4.06634
4.1414
4.0803
4.39976
4.53383
4.19485
4.01794
5.33276
4.33081
4.43391
4.30801
4.26621
3.93089
4.13133
4.25552
4.41287
4.20155
4.3623
4.24863
4.34853
4.19267
4.28849
4.41451
4.14371
4.53917
4.46428
4.39904
4.27939
4.21783
4.3948
5.05168
4.3289
4.6399
4.53762
4.87826
4.62783
4.38773
4.61932
4.34167
4.73316
4.3786
4.2751
4.73896
4.39202
4.73759
4.53074
4.86433
4.22477
4.38335
4.45275
4.85029
4.86269
4.53253
4.62633
4.39167
4.55106
4.86388
4.3324
inf
4.3897
4.27318
4.63075
4.5375
4.54758
4.39885
4.64105
4.74564
4.46862
4.39591
5.29671
4.28208
4.64877
4.2431
4.77217
4.77268
4.25205
4.34995
4.89773
4.12717
4.58081
4.78227
4.68536
4.93429
4.68712
4.19842
4.93999
4.39363
4.7074
4.47748
4.55032
4.83483
5.37076
4.32402
4.39344
4.57353
4.76395
4.52098
4.68669
4.55494
4.35158
4.56818
4.22544
4.95442
4.56772
4.39231
4.6371
4.72867
5.03144
4.63825
4.80481
4.78156
4.54744
4.54393
4.45444
4.57514
5.21212
4.89334
4.59884
4.77288
4.99371
4.87081
4.98586
4.84017
5.15011
4.56386
5.14223
5.1328
4.95198
4.95652
4.71733
5.1156
4.71299
4.94483
5.10501
4.80089
4.33243
5.33043
4.67536
5.09635
4.59766
4.79714
4.6793
5.08558
5.07835
4.91361
4.7722
4.90791
5.07738
4.91117
5.08008
4.6701
4.76863
4.77105
5.07553
5.0734
5.06219
4.90959
4.76683
4.67784
5.07831
4.77064
4.90071
4.90002
4.88789
5.07154
5.723
5.08426
5.07382
inf
4.9097
5.08254
5.73256
4.91463
inf
4.90658
5.09589
5.071
4.90956
4.77742
4.58885
5.32115
4.78981
4.78096
5.09338
5.73814
4.9099
5.09032
4.92077
5.08644
5.08203
4.79419
5.10536
4.92784
4.69028
4.93057
4.80608
4.81119
4.93774
5.10094
5.11334
4.7104
4.61705
4.71171
4.60994
4.94755
5.37289
4.54334
4.97131
4.72609
4.84066
4.72963
4.72298
4.28903
5.39104
4.6439
4.98181
4.50812
4.7368
5.16463
4.66482
4.52482
4.46752
4.36595
4.59784
4.5332
4.2306
4.37271
4.19931
4.36263
4.09795
4.33495
4.49472
4.26161
4.06549
4.45092
4.31038
4.23112
4.05501
4.32662
4.29578
4.36844
4.01869
4.10062
4.2272
3.93487
4.0825
4.03414
4.02495
3.93228
4.00095
3.91895
3.92579
4.02641
3.97743
4.13616
4.10612
4.06443
4.20263
4.17569
4.15993
4.25225
3.93636
4.1817
4.02187
4.16013
4.05598
4.0175
4.24205
4.16478
4.2753
4.20549
4.21385
4.40051
4.28314
4.27242
4.54545
4.38065
4.56694
4.56938
4.37964
4.69706
4.57721
4.48462
4.98072
4.85708
4.76409
5.10145
4.6674
4.82239
4.90159
4.77841
4.71857
4.92179
5.05797
5.29539
4.91819
4.61694
4.92693
4.71126
4.90049
5.06058
5.0434
5.01042
5.13869
5.47868
5.75995
5.74896
